%RSS	0	6.984	0	0	0	0	0			
%HRT	0	7.000	8	205453
%RSS	0	7.984	0	0	0	0	0			
%HRT	0	8.000	9	205488
%RSS	0	8.984	0	0	0	0	0			
%HRT	0	9.000	10	205528
%RSS	0	9.984	0	0	0	0	0			
%HRT	0	10.000	11	205486
%RSS	0	10.984	0	0	0	0	0			
%HRT	0	11.000	12	205487
%RSS	0	11.984	0	0	0	0	0			
%HRT	0	12.000	13	205488
?VER
@VER	1.2	1.0_alpha
%RSS	0	12.984	0	0	0	0	0			
%HRT	0	13.000	14	205484
%RSS	0	13.984	0	0	0	0	0			
%HRT	0	14.000	15	205487
%RSS	0	14.984	0	0	0	0	0			
%HRT	0	15.000	16	205490
?FRA
%RSS	0	15.984	0	0	0	0	0			
%HRT	0	16.000	17	205485
@FRA	5658	5695	5732	5769	5806	5843	5880	5917
%RSS	0	16.984	0	0	0	0	0			
%HRT	0	17.000	18	205482
%RSS	0	17.984	0	0	0	0	0			
%HRT	0	18.000	19	205489
%RSS	0	18.984	0	0	0	0	0			
%HRT	0	19.000	20	205488
%RSS	0	19.984	0	0	0	0	0			
%HRT	0	20.000	21	205452
#FRA	5658	5695	5732	5769	5806	5843	5880	5917
@FRA	5658	5695	5732	5769	5806	5843	5880	5917
%RSS	0	20.984	0	0	0	0	0			
%HRT	0	21.000	22	205517
%RSS	0	21.984	0	0	0	0	0			
%HRT	0	22.000	23	205487
%RSS	0	22.984	0	0	0	0	0			
%HRT	0	23.000	24	205452
%RSS	0	23.984	0	0	0	0	0			
%HRT	0	24.000	25	205523
#FRA	5658	5695	5760	5800	5880	5917		
%RSS	0	24.984	0	0	0	0	0			
%HRT	0	25.000	26	205486
@FRA	5658	5695	5760	5800	5880	5917	5880	5917
%RSS	0	25.984	0	0	0	0	0			
%HRT	0	26.000	27	205481
%RSS	0	26.984	0	0	0	0	0			
%HRT	0	27.000	28	205486
%RSS	0	27.984	0	0	0	0	0			
%HRT	0	28.000	29	205492
%RSS	0	28.984	0	0	0	0	0			
%HRT	0	29.000	30	205488
%RSS	0	29.984	0	0	0	0	0			
%HRT	0	30.000	31	205488
?REN
@REN	1	1	1	1	1	0	0	0
%RSS	0	30.984	0	0	0	0	0			
%HRT	0	31.000	32	205485
%RSS	0	31.984	0	0	0	0	0			
%HRT	0	32.000	33	205451
%RSS	0	32.984	0	0	0	0	0			
%HRT	0	33.000	34	205526
%RSS	0	33.984	0	0	0	0	0			
%HRT	0	34.000	35	205486
#REN	1	1	1	1	1	1	1	1
%RSS	0	34.984	0	0	0	0	0			
%HRT	0	35.000	36	205487
@REN	1	1	1	1	1	1	1	1
%RSS	0	35.984	0	0	0	0	0	195	1022	1022
%HRT	0	36.000	37	205538
%RSS	0	36.984	0	0	0	0	0	197	1022	1022
%HRT	0	37.000	38	205464
%RSS	0	37.984	0	0	0	0	0	197	1022	1022
%HRT	0	38.000	39	205583
%RSS	0	38.984	0	0	0	0	0	193	1022	1022
%HRT	0	39.000	40	205464
%RSS	0	39.984	0	0	0	0	0	196	1022	1022
%HRT	0	40.000	41	205581
%RSS	0	40.984	0	0	0	0	0	199	1022	1022
%HRT	0	41.000	42	205521
%RSS	0	41.984	0	0	0	0	0	196	1022	1022
#REN	0	1	1	1	0	0	0	0
%HRT	0	42.000	43	205523
@REN	0	1	1	1	0	0	0	0
%RSS	0	42.984		0	0	0				
%HRT	0	43.000	44	205451
%RSS	0	43.984		0	0	0				
%HRT	0	44.000	45	205546
%RSS	0	44.984		0	0	0				
%HRT	0	45.000	46	205511
%RSS	0	45.984		0	0	0				
%HRT	0	46.000	47	205511
%RSS	0	46.984		0	0	0				
%HRT	0	47.000	48	205521
%RSS#REN	1	0	0	0	0	0	0	0
	0	47.984		0	0	0				
%HRT	0	48.000	49	205503
@REN	1	0	0	0	0	0	0	0
%RSS	0	48.984	0							
%HRT	0	49.000	50	205487
%RSS	0	49.984	0							
%HRT	0	50.000	51	205546
%RSS	0	50.984	0							
%HRT	0	51.000	52	205522
%RSS	0	51.984	0							
%HRT	0	52.000	53	205527
%RSS	0	52.984	0							
%HRT	0	53.000	54	205524
%RSS	0	53.984	0							
%HRT	0	54.000	55	205498
%RSS	0	54.984	0							
%HRT	0	55.000	56	205522
#REN	1	1	1	1	1	0	0	0
@REN	1	1	1	1	1	0	0	0
%RSS	0	55.984	0	0	0	0	0			
%HRT	0	56.000	57	205550
%RSS	0	56.984	0	0	0	0	0			
%HRT	0	57.000	58	205452
%RSS	0	57.984	0	0	0	0	0			
%HRT	0	58.000	59	205487
%RSS	0	58.984	0	0	0	0	0			
%HRT	0	59.000	60	205487
%RSS	0	59.984	0	0	0	0	0			
%HRT	0	60.000	61	205521
%RSS	0	60.984	0	0	0	0	0			
%HRT	0	61.000	62	205488
%RSS	0	61.984	0	0	0	0	0			
%HRT	0	62.000	63	205485
?CFG
@CFG	1000	100	300	100
%RSS	0	62.984	0	0	0	0	0			
%HRT	0	63.000	64	205449
%RSS	0	63.984	0	0	0	0	0			
%HRT	0	64.000	65	205525
%RSS	0	64.984	0	0	0	0	0			
%HRT	0	65.000	66	205490
%RSS	0	65.984	0	0	0	0	0			
%HRT	0	66.000	67	205487
%RSS	0	66.984	0	0	0	0	0			
%HRT	0	67.000	68	205487
%RSS	0	67.984	0	0	0	0	0			
%HRT	0	68.000	69	205487
#CFG	500	100	300	100
@CFG	500	100	300	100
%RSS	0	68.787	0	0	0	0	0			
%HRT	0	69.000	70	205486
%RSS	0	69.287	0	0	0	0	0			
%RSS	0	69.787	0	0	0	0	0			
%HRT	0	70.000	71	205450
%RSS	0	70.287	0	0	0	0	0			
%RSS	0	70.787	0	0	0	0	0			
%HRT	0	71.000	72	205484
%RSS	0	71.287	0	0	0	0	0			
%RSS	0	71.787	0	0	0	0	0			
%HRT	0	72.000	73	205521
%RSS	0	72.287	0	0	0	0	0			
%RSS	0	72.787	0	0	0	0	0			
%HRT	0	73.000	74	205452
%RSS	0	73.287	0	0	0	0	0			
%RSS	0	73.787	0	0	0	0	0			
%HRT	0	74.000	75	205520
%RSS	0	74.287	0	0	0	0	0			
#CFG	0	100	300	100
@CFG	0	100	300	100
%HRT	0	75.000	76	205422
%HRT	0	76.000	77	205419
%HRT	0	77.000	78	205382
%HRT	0	78.000	79	205347
%HRT	0	79.000	80	205418
%HRT	0	80.000	81	205383
%HRT	0	81.000	82	205382
%HRT	0	82.000	83	205383
#RAC
@RAC	1	0.000
%HRT	1	0.097	84	205348
%HRT	1	1.097	85	205446
%HRT	1	2.097	86	205475
%HRT	1	3.097	87	205446
%HRT	1	4.097	88	205431
%HRT	1	5.097	89	205438
%HRT	1	6.097	90	205448
%HRT	1	7.097	91	205401
%HRT	1	8.097	92	205468
%HRT	1	9.097	93	205444
%HRT	1	10.097	94	205406
%HRT	1	11.097	95	205442
%HRT	1	12.097	96	205444
%HRT	1	13.097	97	205470
%HRT	1	14.097	98	205443
#RAC
@RAC	2	0.000
%HRT	2	0.161	99	205435
%HRT	2	1.161	100	205416
%HRT	2	2.161	101	205474
%HRT	2	3.161	102	205444
%HRT	2	4.161	103	205443
%HRT	2	5.161	104	205447
%HRT	2	6.161	105	205414
%HRT	2	7.161	106	205475
%HRT	2	8.161	107	205442
%HRT	2	9.161	108	205444
%HRT	2	10.161	109	205446
#RAC
@RAC	3	0.000
%HRT	3	0.237	110	205444
%HRT	3	1.237	111	205448
%HRT	3	2.237	112	205412
%HRT	3	3.237	113	205475
%HRT	3	4.237	114	205412
%HRT	3	5.237	115	205478
%HRT	3	6.237	116	205445
?RSS
@RSS	3	6.888	0	0	0	0	0			
%HRT	3	7.237	117	205424
%HRT	3	8.237	118	205383
%HRT	3	9.237	119	205381
%HRT	3	10.237	120	205383
%HRT	3	11.237	121	205382
?RSS
@RSS	3	11.484	0	0	0	0	0			
%HRT	3	12.237	122	205381
%HRT	3	13.237	123	205382
%HRT	3	14.237	124	205383
%HRT	3	15.237	125	205347
?RSS
@RSS	3	15.959	0	0	0	0	0			
%HRT	3	16.237	126	205413
%HRT	3	17.237	127	205386
%HRT	3	18.237	128	205348
%HRT	3	19.237	129	205420
